%YAML:1.0
e_vectors: !!opencv-matrix
   rows: 28
   cols: 128
   dt: f
   data: [ 2.41291802e-02, 1.79991983e-02, 1.33916074e-02,
       1.07771419e-02, -7.91373663e-03, -2.91065183e-02, -1.41709968e-02,
       -7.48330774e-03, 1.27961934e-01, 2.66657658e-02, -1.86338630e-02,
       -5.21654822e-02, -1.09289289e-01, -2.89079640e-02, 1.77102517e-02,
       6.90141395e-02, -1.18069202e-01, -4.56338488e-02, -2.69121351e-03,
       1.21970708e-02, 4.02202159e-02, 4.73919958e-02, 3.75894085e-02,
       -5.33846905e-03, -3.43576111e-02, 1.96733791e-02, 2.93272436e-02,
       3.18939611e-02, 2.41135061e-02, 8.97286553e-03, 2.94371182e-03,
       -1.77657958e-02, 7.13290423e-02, 1.06409388e-02, -7.65710138e-03,
       -8.60359240e-03, -1.22833876e-02, -3.31622437e-02,
       -2.86576953e-02, -7.48579809e-03, 2.82806814e-01, 1.14929965e-02,
       -1.13903761e-01, -2.07648084e-01, -2.37108827e-01,
       -6.22816496e-02, 6.19078428e-02, 1.92762554e-01, -2.64577597e-01,
       -1.74774855e-01, -5.80185615e-02, 3.74478213e-02, 1.60380393e-01,
       1.66432917e-01, 1.18634470e-01, 1.35249458e-02, -7.94821531e-02,
       2.36728508e-02, 4.41382341e-02, 4.33035791e-02, 3.67115960e-02,
       3.45578529e-02, 3.08301412e-02, 6.74678897e-03, 7.15251863e-02,
       1.86210347e-03, -2.58317925e-02, -3.34994383e-02, -1.25263287e-02,
       -4.45018196e-03, -1.00998925e-02, -5.40349691e-04, 2.84505278e-01,
       1.99426070e-01, 6.43167794e-02, -5.79812452e-02, -2.33728945e-01,
       -2.10043952e-01, -1.20416194e-01, 4.29512700e-03, -2.65804321e-01,
       1.47373369e-02, 1.20516956e-01, 1.70573279e-01, 1.60125524e-01,
       3.11665032e-02, -5.87852485e-02, -1.74024627e-01, -7.87135214e-02,
       5.11721382e-03, 2.80077849e-02, 3.07178199e-02, 3.77007984e-02,
       4.51341979e-02, 4.38933931e-02, 2.15915088e-02, 2.22097095e-02,
       -8.39197636e-03, -1.67153012e-02, -2.84945667e-02,
       -3.90894245e-03, 1.73484199e-02, 1.57483555e-02, 1.19103799e-02,
       1.29306301e-01, 7.44805187e-02, 1.70234665e-02, -2.74040438e-02,
       -1.05539709e-01, -5.06155156e-02, -1.82815604e-02, 2.63874903e-02,
       -1.13354363e-01, -1.64117396e-03, 4.18440662e-02, 4.91200276e-02,
       3.90307307e-02, 6.87002530e-03, -6.24763174e-03, -4.01998647e-02,
       -3.43802311e-02, -1.51728699e-02, 5.98428026e-03, 9.45872627e-03,
       2.10594833e-02, 2.90084314e-02, 2.62197200e-02, 1.64621398e-02,
       1.52458167e-02, -1.56744048e-02, -4.76319678e-02, -4.19529527e-02,
       2.61763553e-03, -1.31140528e-02, -2.80152541e-02, -2.53090989e-02,
       2.70567566e-01, 2.34129988e-02, -1.00197993e-01, -7.70721883e-02,
       1.94670018e-02, -2.70156804e-02, -5.14823869e-02, 7.58346729e-03,
       3.69274497e-01, 1.56061798e-02, -9.62736532e-02, -6.80166185e-02,
       -3.47949900e-02, -5.94353341e-02, -6.28138781e-02, 3.29804569e-02,
       5.35523482e-02, -3.39486934e-02, -5.10544889e-02, -3.86615135e-02,
       -1.80290584e-02, -3.73161659e-02, -4.47066315e-02,
       -1.93490013e-02, 9.44680348e-03, -2.09897496e-02, -5.56977540e-02,
       -7.95533359e-02, -5.17315455e-02, -3.31683755e-02,
       -2.20724344e-02, -1.99318957e-02, 1.83470875e-01, -2.04262137e-02,
       -1.38689637e-01, -1.55002192e-01, -7.88732171e-02,
       -5.26742078e-02, -5.84463552e-02, -3.05263400e-02, 2.23457754e-01,
       -5.93577921e-02, -1.27085611e-01, -8.93663019e-02,
       -9.54832137e-02, -1.08495407e-01, -7.92624056e-02,
       -2.57375538e-02, 4.07489799e-02, -3.95169109e-02, -4.31457572e-02,
       -4.64439578e-02, -5.26323654e-02, -6.05188310e-02,
       -4.87626642e-02, -3.95827070e-02, 9.51350294e-03, -1.29787512e-02,
       -1.91412736e-02, -3.55151407e-02, -5.20367920e-02,
       -7.46927857e-02, -5.87214604e-02, -2.95089073e-02, 1.82148650e-01,
       -2.63117887e-02, -5.74920364e-02, -5.18457778e-02,
       -8.17724615e-02, -1.62818760e-01, -1.38027593e-01,
       -2.17068475e-02, 2.19457477e-01, -2.60868669e-02, -7.92206600e-02,
       -1.08420946e-01, -9.51034129e-02, -9.41477269e-02,
       -1.22447342e-01, -5.42108454e-02, 3.95146124e-02, -4.00344655e-02,
       -5.23927845e-02, -6.65800646e-02, -5.34774438e-02,
       -4.56795059e-02, -4.13987003e-02, -3.96832824e-02, 1.57515891e-02,
       -2.22676452e-02, -2.91493237e-02, -1.83006153e-02, 5.94156096e-04,
       -3.43009159e-02, -4.55332994e-02, -2.00584363e-02, 2.70309180e-01,
       8.70512519e-03, -4.98819463e-02, -2.70295404e-02, 1.39418365e-02,
       -8.09224397e-02, -9.75132659e-02, 2.61305440e-02, 3.65176916e-01,
       3.71141136e-02, -5.88850118e-02, -5.64923212e-02, -3.71808894e-02,
       -7.62287602e-02, -1.03594989e-01, 2.02964209e-02, 5.27298488e-02,
       -1.44749107e-02, -3.76290046e-02, -3.79645154e-02,
       -2.06044912e-02, -4.21313904e-02, -5.64875491e-02,
       -3.60640436e-02, 2.18963400e-02, -9.37959328e-02, -1.29424438e-01,
       -3.21289487e-02, 9.32775959e-02, 2.57931091e-02, 1.74750655e-03,
       1.52783701e-02, -4.35774326e-02, -1.83776483e-01, -1.39432266e-01,
       3.23292613e-02, 2.43022248e-01, 7.15048239e-02, 2.00983435e-02,
       1.43358624e-02, 6.04232065e-02, -1.16858430e-01, -5.88149913e-02,
       2.82970611e-02, 1.23526126e-01, 4.89070117e-02, 9.70821548e-03,
       1.44571634e-02, 2.64572445e-02, -1.62931755e-02, -1.28045212e-02,
       2.88417283e-02, 8.42950046e-02, 2.10726298e-02, -1.77522656e-02,
       -1.33424522e-02, 3.81355137e-02, -5.66807128e-02, -1.07108898e-01,
       -3.28718200e-02, 9.61927101e-02, -1.42380111e-02, -3.68465334e-02,
       -2.10650032e-03, -5.06841056e-02, -1.74650148e-01,
       -1.47140339e-01, 5.80293052e-02, 2.62430549e-01, 4.08260338e-02,
       -8.46386328e-03, -8.64195731e-03, -5.23235649e-02,
       -1.66932523e-01, -7.41589740e-02, 5.90933450e-02, 1.91658914e-01,
       9.19559598e-02, -4.32165340e-03, -4.95719686e-02, -1.11509990e-02,
       -3.01614925e-02, -2.06892435e-02, 4.03281339e-02, 1.28089651e-01,
       4.18104120e-02, -2.66868994e-02, -2.45029572e-02, 3.47634070e-02,
       1.18013832e-03, -2.02070139e-02, 1.91764906e-02, 1.06676951e-01,
       -5.75157143e-02, -1.23205572e-01, -6.45635203e-02,
       -3.51685919e-02, -2.90849432e-03, 5.44603821e-03, 8.32148641e-02,
       2.75265843e-01, 7.46187102e-03, -1.86666891e-01, -1.83371142e-01,
       -4.55001369e-02, -3.07705011e-02, 1.56260762e-06, 9.74563882e-02,
       1.92377493e-01, 4.19780426e-02, -1.07981667e-01, -1.89688489e-01,
       3.76760348e-04, -2.50674579e-02, -3.22523415e-02, 4.22942042e-02,
       1.31411284e-01, 3.58871669e-02, -1.96255669e-02, -3.38285416e-02,
       1.11259585e-02, 8.45055934e-03, 3.34071578e-03, 4.04793955e-02,
       1.04520455e-01, -3.02336160e-02, -1.21945098e-01, -9.05441567e-02,
       -3.50695029e-02, 1.20209232e-02, 1.73946582e-02, 7.84768760e-02,
       2.57384300e-01, 2.82688867e-02, -1.38255462e-01, -1.71113506e-01,
       1.02067195e-01, 2.28063688e-02, 7.43664429e-03, 4.66831550e-02,
       1.22706167e-01, 2.31327768e-02, -7.04318136e-02, -1.01874866e-01,
       4.31389846e-02, -5.39347529e-03, -1.72731113e-02, 2.41311882e-02,
       8.50420296e-02, 2.38809884e-02, -1.88509654e-02, -1.43526113e-02,
       -1.54160783e-02, 4.18291017e-02, 7.27130026e-02, 4.01093112e-03,
       -1.03729308e-01, -8.19459334e-02, -8.14248621e-03,
       -3.16441711e-03, -2.09120825e-01, 1.13505749e-02, 1.15713790e-01,
       4.47619595e-02, -1.08352073e-01, -5.38386926e-02, 8.22733901e-03,
       -4.87482324e-02, -3.05385202e-01, -2.49053594e-02, 9.17814523e-02,
       4.34288047e-02, -1.96418688e-02, 8.90783034e-03, 1.84176974e-02,
       -7.60777593e-02, -6.41603768e-02, 1.10548940e-02, 3.61696742e-02,
       5.69521310e-03, -2.14985479e-02, 8.98026337e-05, 9.36932955e-03,
       -1.25405677e-02, -3.03754397e-02, 6.54913560e-02, 1.54055476e-01,
       1.22591354e-01, -6.12313598e-02, -1.38353720e-01, -7.77260959e-02,
       -3.54077518e-02, -1.39464065e-01, 1.01965398e-01, 2.49481931e-01,
