%YAML:1.0
e_vectors: !!opencv-matrix
   rows: 16
   cols: 128
   dt: f
   data: [ -2.11487543e-002, -3.17337327e-002, -4.64141779e-002,
       -3.12287435e-002, 1.97565127e-002, 4.02703844e-002,
       2.50315163e-002, 1.24199400e-002, -5.70122674e-002,
       -1.10365404e-002, 4.88074403e-003, 1.75028443e-002,
       7.08411559e-002, 5.19827977e-002, 4.69857315e-003,
       -4.58857305e-002, 9.09176916e-002, 2.86894292e-002,
       -2.68319771e-002, -1.79096647e-002, -4.92718183e-002,
       -2.45075971e-002, -2.09477600e-002, 1.28879948e-002,
       -2.46225484e-002, -4.42883037e-002, -3.87496501e-002,
       -3.36268358e-002, -9.75824147e-003, 1.65008958e-002,
       -1.15928901e-002, -2.01551821e-002, -3.09315752e-002,
       6.93166535e-003, -3.19764316e-002, -2.37206407e-002,
       1.29041094e-002, 2.45316960e-002, 3.66504155e-002,
       2.13966332e-002, -2.30921775e-001, -2.96255108e-003,
       7.30545595e-002, 1.79078460e-001, 2.48148754e-001,
       7.58133754e-002, -8.83853287e-002, -2.28897899e-001,
       2.68593222e-001, 1.89208522e-001, 4.09390181e-002,
       -1.80335492e-002, -2.12023199e-001, -2.17084065e-001,
       -1.20428033e-001, -1.26367835e-002, -2.01423168e-002,
       -8.31823424e-002, -5.68373241e-002, -1.35471839e-002,
       -2.03998834e-002, 1.18741468e-002, 4.26314399e-003,
       -3.20632607e-002, -2.67686620e-002, 2.58500893e-002,
       2.15738881e-002, 3.69044044e-003, 1.73165575e-002,
       -4.18390781e-002, -2.77585667e-002, 5.42616472e-003,
       -2.31547773e-001, -2.33954251e-001, -9.76515785e-002,
       6.52011931e-002, 2.61178702e-001, 1.89712077e-001,
       6.77186102e-002, 1.39156138e-004, 2.71548986e-001,
       -1.66371185e-002, -1.31197378e-001, -2.11911321e-001,
       -2.04397529e-001, -2.32044756e-002, 4.79885079e-002,
       1.92981720e-001, -9.27770417e-003, -3.18037421e-002,
       -2.66037649e-004, -4.28469339e-003, -6.42731879e-003,
       -2.43463516e-002, -4.48425822e-002, -4.13274653e-002,
       2.14538840e-003, 2.33353954e-003, 1.30468886e-002,
       -1.99923199e-003, 1.49639696e-002, -3.95086855e-002,
       -4.63523604e-002, -3.92987616e-002, -6.03451766e-002,
       -5.44845872e-002, -9.71363019e-003, 3.63406539e-002,
       1.12656899e-001, 9.96852200e-003, -1.45100411e-002,
       -1.48091586e-002, 9.44725946e-002, 1.92434415e-002,
       -1.12205343e-002, -3.37380096e-002, -3.68066803e-002,
       -3.56605537e-002, -2.33931448e-002, 3.22894081e-002,
       -1.46528799e-002, 6.60240045e-003, 2.26975828e-002,
       -5.52487373e-003, 5.82301943e-003, -4.43013497e-002,
       -4.31542471e-002, -3.59182544e-002, -9.65308920e-002,
       8.81474186e-003, 8.80053565e-002, 8.52360725e-002,
       1.50610309e-003, 4.92963195e-002, 5.37495576e-002,
       7.38162547e-003, -3.85666728e-001, -5.67713380e-003,
       1.24652706e-001, 1.42005652e-001, -1.89033139e-003,
       1.94905847e-002, 3.92230339e-002, -1.10871956e-001,
       -1.66727215e-001, 6.03337586e-002, 1.53270334e-001,
       4.13029455e-002, -1.74872130e-001, -2.11324170e-002,
       4.86839116e-002, -5.17604426e-002, -1.13376595e-001,
       4.07999530e-002, 8.36260244e-002, 2.17312053e-002,
       -6.31298497e-002, -1.46995699e-002, 3.87621149e-002,
       4.79369462e-002, -1.44906119e-001, 2.33704187e-002,
       1.24885984e-001, 1.32645130e-001, 6.80217519e-002,
       2.91574951e-002, 2.23524719e-002, -2.15827376e-002,
       -1.88247591e-001, 1.08803334e-002, 8.42611641e-002,
       9.99496579e-002, -7.16424128e-003, 2.86587933e-003,
       1.76380202e-001, 7.32014552e-002, -9.70412716e-002,
       3.77851725e-002, 4.93158437e-002, -4.76832874e-003,
       -9.74883139e-002, 1.05321184e-001, 1.81009531e-001,
       1.49028348e-002, -3.95479240e-002, 2.87274104e-002,
       6.87428238e-003, -1.50957908e-002, -1.80652142e-002,
       2.05486994e-002, 3.13117318e-002, 5.65217957e-002,
       -1.19056508e-001, -1.38400858e-002, 5.17018102e-002,
       5.77603206e-002, 6.09269477e-002, 1.00556538e-001,
       7.25440159e-002, 1.82943307e-002, -1.47375897e-001,
       2.35285535e-002, 1.30603120e-001, 6.33107200e-002,
       2.11425256e-002, 3.39949466e-002, 4.38108742e-002,
       1.96673255e-002, -4.31442074e-002, 7.25307444e-004,
       1.28792062e-001, 1.10325128e-001, -6.09649308e-002,
       1.04935402e-002, 1.39209032e-002, 1.90121774e-002,
       -4.76205684e-002, 4.84995879e-002, 3.82869653e-002,
       2.40191370e-002, -1.25518432e-002, 1.49410777e-002,
       2.80486420e-002, -1.82924385e-004, -1.12331755e-001,
       -1.47953341e-002, 4.06920835e-002, 2.71360632e-002,
       1.66364312e-002, 1.04112625e-001, 1.23251125e-001,
       6.82616234e-002, -3.09426695e-001, -1.11314125e-001,
       1.44447517e-002, -1.80524786e-003, 2.11771578e-002,
       1.44433662e-001, 1.78683966e-001, 3.89282070e-002,
       -6.87485710e-002, -1.12188756e-001, -4.67769150e-003,
       -1.50805060e-002, -1.11187913e-001, 4.93964925e-002,
       1.17451504e-001, 1.36910260e-001, -3.44448797e-002,
       -2.53689047e-002, -9.86258034e-003, 3.29870544e-003,
       -1.64188519e-002, 4.33788523e-002, 9.19660553e-002,
       8.59251842e-002, 4.02841903e-003, -2.89264284e-002,
       -4.53725690e-003, 7.65848309e-002, 2.40646079e-002,
       -6.03316538e-002, -4.80175167e-002, -2.72515113e-003,
       -5.56743219e-002, -6.39549419e-002, 3.79893333e-002,
       9.78666544e-002, 3.09298001e-002, -1.61316395e-002,
       -1.81678007e-003, -1.06785439e-004, -1.32256046e-001,
       -5.15599512e-002, 6.20464198e-002, 6.52777925e-002,
       9.43903401e-002, -2.49205083e-002, -2.33151447e-002,
       2.54580267e-002, 8.62182528e-002, 6.68104216e-002,
       1.79338281e-003, -3.32083218e-002, -5.88502139e-002,
       -1.05252035e-001, -3.03927287e-002, 4.33297642e-003,
       -5.85271567e-002, -3.89068318e-003, 3.88684124e-002,
       1.55961394e-001, 9.40561593e-002, -8.44397768e-002,
       -7.12359697e-002, -5.25807291e-002, -4.21351418e-002,
       -3.31255118e-003, 1.11739069e-001, 2.16158003e-001,
       1.80654936e-002, -1.62368596e-001, -1.05110727e-001,
       -9.94443446e-002, -5.17145842e-002, 9.42441821e-002,
       1.04881875e-001, 1.03101455e-001, 1.36996135e-001,
       -6.32030591e-002, -1.43779889e-001, -9.17650834e-002,
       1.28242865e-001, 1.34323433e-001, 3.02621592e-002,
       1.86185669e-002, -4.13580388e-002, -1.86011598e-001,
       -1.33614540e-001, -8.94533470e-003, -7.04301000e-002,
       -6.77497983e-002, -1.96426548e-002, 1.01493806e-001,
       2.29119301e-001, -2.30327398e-002, -6.09995238e-002,
       -6.94390386e-002, 8.30139369e-002, -3.67012657e-002,
       -2.22364254e-003, 1.79483488e-001, 1.58845618e-001,
       -2.12650239e-001, -1.62536561e-001, -1.49260849e-001,
       -1.66297331e-002, -2.57816967e-002, -3.95429917e-002,
       8.96938443e-002, 1.55824915e-001, -8.83214027e-002,
       -1.26970112e-001, -1.44865483e-001, 1.10230975e-001,
       3.63849737e-002, 3.01119555e-002, 7.97045231e-003,
       -6.47521093e-002, -9.96036083e-002, -7.78541937e-002,
       7.67385885e-002, -6.01606555e-002, -3.24545167e-002,
       -9.40499268e-003, 4.83517125e-002, 2.22400993e-001,
       4.42217886e-002, -8.78049955e-002, -1.20941751e-001,
       8.90011340e-002, -3.24770622e-002, -2.78594214e-002,
       4.96652126e-002, 2.01541573e-001, -2.08714586e-002,
       -1.07119344e-001, -9.62458402e-002, 1.18480779e-001,
       -9.25266519e-002, -1.37913488e-002, 1.65253170e-002,
       7.74331167e-002, -1.50581207e-002, -2.36540549e-002,
       5.01630418e-002, 5.19291200e-002, -2.87565049e-002,
       2.27839872e-002, -3.03694960e-002, -2.37280466e-002,
       -1.13531649e-002, -3.92502965e-003, 9.22866762e-002,
       1.82808973e-002, 2.47043930e-002, -3.73707036e-003,
       -1.17540054e-001, -1.48574889e-001, -7.26992413e-002,
       -2.54446138e-002, 6.88888272e-003, -2.94559598e-002,
       -8.36095363e-002, -3.30434367e-002, -5.15956655e-002,
       -1.56144351e-001, -2.36689001e-002, 6.27523288e-002,
