%YAML:1.0
e_vectors: !!opencv-matrix
   rows: 16
   cols: 128
   dt: f
   data: [ -1.38522824e-002, -1.76824648e-002, -3.63784172e-002,
       -1.95250623e-002, 2.47427393e-002, 4.13966328e-002,
       2.21436657e-002, 8.78816005e-003, -5.55314235e-002,
       3.02958855e-004, 1.29578896e-002, 2.86677592e-002,
       7.08086491e-002, 4.58407179e-002, -7.65524432e-003,
       -5.28107285e-002, 1.01926968e-001, 3.89353000e-002,
       -1.68733746e-002, -5.87780913e-003, -4.81681749e-002,
       -3.63981947e-002, -2.69588679e-002, 1.70526784e-002,
       3.09595547e-004, -3.33275460e-002, -3.71903703e-002,
       -3.22753638e-002, -8.16037226e-003, 1.78384781e-002,
       -3.42105632e-003, -2.98884325e-003, -4.01003882e-002,
       1.05590969e-002, -2.15423312e-002, 1.04952480e-004,
       2.24328227e-002, 2.67418846e-002, 4.07296605e-002,
       1.73053350e-002, -2.33500376e-001, -1.03124906e-003,
       7.95864537e-002, 1.75979957e-001, 2.30549335e-001,
       6.98947385e-002, -1.02854684e-001, -2.36027136e-001,
       2.62987882e-001, 1.87824264e-001, 4.68519256e-002,
       -1.71825364e-002, -2.20763326e-001, -2.24245846e-001,
       -1.34020194e-001, -1.30273206e-002, 1.43842669e-002,
       -5.79158962e-002, -4.61581312e-002, -1.61934681e-002,
       -3.38113233e-002, 3.82769830e-003, 5.02204662e-003,
       -1.61776636e-002, -3.54801007e-002, 1.65768024e-002,
       2.09079459e-002, 2.43454259e-002, 2.13733986e-002,
       -2.59666704e-002, -1.15730334e-002, 1.83894765e-002,
       -2.36090437e-001, -2.43921846e-001, -1.14496291e-001,
       5.83677664e-002, 2.41107792e-001, 1.94088683e-001,
       8.11933130e-002, 6.17642002e-003, 2.64585286e-001,
       -1.15092499e-002, -1.39495805e-001, -2.26316363e-001,
       -2.14805827e-001, -1.23533206e-002, 5.40907569e-002,
       1.88805744e-001, 1.12775760e-002, -1.19140409e-002,
       1.11319246e-002, -1.28101632e-002, -2.05922406e-002,
       -2.68259943e-002, -4.15595844e-002, -2.98000500e-002,
       8.98009632e-003, 3.07119475e-003, 1.40137589e-002,
       8.60301591e-003, 1.93735026e-002, -3.31952758e-002,
       -3.91118005e-002, -2.33451258e-002, -5.49810380e-002,
       -5.44561036e-002, -1.75291374e-002, 2.90831439e-002,
       9.95741263e-002, 2.38415264e-002, 2.47637887e-004,
       -5.68932528e-003, 8.82836729e-002, 2.29216479e-002,
       -1.63673274e-002, -4.32698317e-002, -3.08498908e-002,
       -1.20141171e-002, -7.99754541e-003, 3.60344648e-002,
       -2.61022337e-003, 1.60714667e-002, 2.76706908e-002,
       -4.60066553e-003, 6.13290491e-003, -3.33593599e-002,
       -3.63986529e-002, -2.58558933e-002, 1.06572211e-001,
       -1.69930235e-002, -9.27092433e-002, -8.14706162e-002,
       1.04702981e-002, -4.04584929e-002, -5.13682999e-002,
       -5.56239812e-003, 4.18761611e-001, 8.04406777e-003,
       -1.22849196e-001, -1.34695545e-001, 2.21596211e-002,
       -8.72178376e-003, -4.63268049e-002, 1.12081192e-001,
       1.75827637e-001, -5.96211664e-002, -1.48978546e-001,
       -3.77808623e-002, 1.95638120e-001, 3.43431830e-002,
       -5.72523326e-002, 5.14246970e-002, 9.79571715e-002,
       -4.43250611e-002, -8.67274404e-002, -1.83589347e-002,
       6.25700504e-002, 1.02777509e-002, -3.98436785e-002,
       -5.00441827e-002, 1.33681700e-001, -2.60770302e-002,
       -1.19549319e-001, -1.31472632e-001, -4.52560894e-002,
       -2.42483672e-002, -2.84549333e-002, 1.52948638e-002,
       1.87884837e-001, -1.60149783e-002, -8.27161968e-002,
       -9.19418409e-002, 3.03100888e-002, -1.24276439e-002,
       -2.04650462e-001, -9.62865502e-002, 1.10609107e-001,
       -3.74068581e-002, -4.07406092e-002, 2.76704114e-002,
       1.02845378e-001, -1.29084677e-001, -2.14819625e-001,
       -2.60915682e-002, 2.70336960e-002, -2.47239955e-002,
       5.51830651e-003, 3.06669176e-002, 9.15927533e-003,
       -3.64970528e-002, -4.48642373e-002, -6.27468601e-002,
       9.45080668e-002, 1.24253556e-002, -4.92715612e-002,
       -5.95652126e-002, -3.95758450e-002, -1.00760140e-001,
       -8.26859251e-002, -2.36098375e-002, 1.37559161e-001,
       -8.15521460e-003, -1.14873812e-001, -4.71941531e-002,
       -8.19964893e-003, -3.72250564e-002, -4.96521220e-002,
       -3.88175696e-002, 3.32355276e-002, -1.19818123e-002,
       -1.18069418e-001, -6.68043420e-002, 5.90276383e-002,
       -4.14111763e-002, -2.40352433e-002, -2.52346545e-002,
       4.62034643e-002, -4.16730307e-002, -2.90525146e-002,
       -1.66929979e-002, -5.03505208e-003, -3.59490626e-002,
       -4.69991639e-002, -5.30961528e-003, 9.70645100e-002,
       1.17423115e-002, -3.87038775e-002, -2.55480669e-002,
       -7.31634488e-003, -1.03898726e-001, -1.33307934e-001,
       -7.62980059e-002, 2.68099427e-001, 9.72584412e-002,
       -4.90345666e-003, 1.12667745e-002, -1.26476325e-002,
       -1.40194178e-001, -1.75206035e-001, -5.07202893e-002,
       4.87327836e-002, 8.90192837e-002, 3.78862722e-003,
       2.36515235e-002, 1.00026168e-001, -5.74921928e-002,
       -1.06580742e-001, -1.21700227e-001, 3.47599797e-002,
       1.55819384e-002, 5.42606320e-003, -1.09441327e-002,
       5.58300596e-003, -4.84677702e-002, -8.94730091e-002,
       -7.34000877e-002, -1.80648360e-002, -3.87632176e-002,
       -3.19525274e-003, 6.74915165e-002, 1.55517142e-002,
       -3.11800912e-002, -2.69704461e-002, -3.06991395e-003,
       -2.00249590e-002, -4.41162772e-002, 3.50619666e-002,
       9.88137498e-002, -1.44686166e-003, -1.54406736e-002,
       -5.51777380e-003, 7.33673153e-003, -1.28271997e-001,
       -4.31486480e-002, 7.83360526e-002, 7.86319226e-002,
       8.67625847e-002, -1.14678247e-002, -2.32644156e-002,
       2.08543539e-002, 6.55573308e-002, 5.79674430e-002,
       8.16096365e-003, -1.68845858e-002, -3.46847214e-002,
       -8.22640285e-002, -9.57393739e-003, 1.65978912e-002,
       -8.44228938e-002, -2.28277352e-002, 4.11535017e-002,
       1.65651962e-001, 9.61519778e-002, -7.27805868e-002,
       -7.53028914e-002, -6.87360242e-002, -5.26025034e-002,
       1.15450006e-003, 1.12932876e-001, 2.23674819e-001,
       1.72340882e-003, -1.79771185e-001, -1.22873746e-001,
       -1.03106573e-001, -3.18024084e-002, 1.00969508e-001,
       1.32386953e-001, 1.39305472e-001, 1.10577442e-001,
       -8.96205232e-002, -1.48691550e-001, -7.67659172e-002,
       1.20261528e-001, 1.30681738e-001, 5.78706339e-002,
       3.83046009e-002, -3.53599750e-002, -1.81156740e-001,
       -1.03695899e-001, 1.59959532e-002, -9.81552675e-002,
       -6.78463206e-002, -2.07383739e-004, 1.39966235e-001,
       2.12893516e-001, -3.36382985e-002, -8.10914561e-002,
       -1.05426610e-001, 5.95144890e-002, 1.55799994e-002,
       3.76196206e-002, 2.07227737e-001, 1.40291423e-001,
       -2.15117455e-001, -1.68632418e-001, -1.46710768e-001,
       -4.10224050e-002, 1.98902525e-002, 3.37583013e-002,
       1.34522200e-001, 1.13458231e-001, -1.32431209e-001,
       -1.40672967e-001, -1.39658317e-001, 1.10533215e-001,
       7.59617686e-002, 8.50093737e-002, 2.58210488e-002,
       -7.08372220e-002, -1.14856772e-001, -8.60743150e-002,
       6.66649342e-002, -8.41033161e-002, -3.18033099e-002,
       -3.39384913e-003, 5.89361452e-002, 1.95042476e-001,
       2.63935179e-002, -7.59576932e-002, -1.12709560e-001,
       9.17172804e-003, -3.69121246e-002, -1.87391154e-002,
       4.33107316e-002, 1.72092229e-001, -1.68173332e-002,
       -6.74075261e-002, -8.36088881e-002, 8.56917128e-002,
       -6.62095249e-002, 1.02128275e-002, 1.70402341e-002,
       3.88470367e-002, -2.98689473e-002, -8.05611443e-003,
       6.18776157e-002, 6.81967363e-002, 6.89496240e-003,
       3.93767059e-002, -2.87364703e-002, -3.43219154e-002,
       -1.33636557e-002, 3.68244387e-003, 9.73112285e-002,
       -2.39906665e-002, -9.29062162e-003, 3.11270040e-002,
       1.27075732e-001, 8.28302205e-002, 4.80445288e-003,
       -3.66893917e-004, -3.19493143e-003, -1.39573172e-001,
       -3.78106488e-004, 5.99155128e-002, 6.94162026e-002,
